0.218149
-0.013027
-0.315692
-0.826587
-0.63872
-0.359366
-0.0308337
0.260046
-0.266512
-0.331269
-0.158558
-0.150129
-0.493366
-0.232223
-0.489986
-1.12138
-0.540869
0.191145
-0.346264
-0.148566
-0.110077
-0.177423
-0.0525855
0.649754
-0.0696443
0.0487613
-0.317119
-0.182532
-0.135602
-0.491662
0.235655
-0.215054
-0.168505
-0.12553
-0.0617785
-0.0624285
-0.271299
-0.851616
-0.521221
-0.27734
0.270035
0.216406
-0.117972
0.0836816
0.0514896
-0.0519854
-0.3003
0.16916
0.202255
-0.322217
-0.223285
-0.151497
-0.129519
0.192236
-0.0899051
-0.171789
-0.0964737
-0.192897
-0.199518
-0.41249
0.0631151
-0.185063
0.0883483
-0.0577125
-0.0905731
0.0779155
-0.196926
-0.31964
-0.674179
-0.17147
-0.982148
-0.300106
-0.221675
-0.332353
0.456249
-0.135847
0.245153
-0.453846
-0.351094
0.396738
-0.282457
-0.196329
0.15426
-0.263626
-0.0386158
0.0683951
-0.892713
-0.182056
-0.0958975
-0.813858
-0.296086
0.172489
-0.576396
0.141326
-1.06122
-0.306123
-0.245415
-0.318376
0.121691
0.166209
-0.235972
-0.160695
-0.234539
-0.288893
0.069051
-0.136668
-1.16502
0.063454
-1.02343
-0.538782
-0.504229
0.332157
0.128858
1.85302
2.03279
0.388061
1.44935
2.72748
0.0892551
0.50409
1.86724
1.40305
2.33561
1.85303
1.85775
1.68905
0.349447
1.67695
1.10917
2.47493
1.38594
1.55322
1.60214
1.49934
1.06654
1.75571
0.159334
1.11524
-0.410629
0.042943
0.155432
-0.735906
-0.292172
0.266108
-0.160842
0.0817139
0.388566
0.0925349
0.2504
0.401299
-0.240036
-0.276051
-0.433281
-0.177878
-0.252058
-0.231952
-0.377227
-0.217315
-0.500771
-0.405508
-0.0781449
-0.121483
-0.789559
0.175578
0.392599
0.174274
0.175491
0.381806
0.079857
-0.413939
-0.457267
0.341288
0.172922
-0.19968
0.112161
-0.155296
-2.06908
-0.113155
-1.04725
0.109761
0.284899
-0.341171
0.312916
-0.470305
0.118542
-0.0102052
-0.189308
0.271936
-0.0542203
0.148219
-0.193924
-0.634215
-0.105704
-0.333413
-1.06567
-0.112839
-0.416587
0.155463
-0.144483
-0.574129
-0.449622
-0.0875152
0.166645
-0.323751
-0.0321697
-0.195317
-1.02834
-0.165593
0.405309
-0.159052
0.396231
-0.349011
0.0502093
-1.02061
0.352189
0.0638381
-0.122712
0.302358
-0.226124
0.318793
-0.323806
0.0819407
-0.408829
-0.473756
-0.245513
0.239674
-0.367529
0.345166
0.0147134
-0.126617
-0.250188
-0.138429
0.197032
0.403965
0.111798
0.174207
0.211863
0.107922
-0.421799
0.0152486
0.188285
0.181113
0.135027
0.0918207
-0.0364825
0.182059
-0.440361
-0.0358896
-0.324204
-0.09748
-0.0755086
0.159734
-0.320924
-0.107002
-0.0748395
-0.451314
-0.327796
0.159305
0.133292
0.0846329
-0.0262729
-0.208661
-0.105628
-0.201855
0.167207
-0.185353
0.0853601
-0.370003
-0.524818
-0.0615738
0.295628
-0.0896202
-0.390427
-0.665729
-0.225778
0.122289
0.063555
-0.241297
0.110977
-1.12193
-0.194699
0.217968
0.0797425
0.111186
0.172783
0.392649
-0.0881704
-0.0901123
-0.304412
0.212996
-0.272859
0.150649
-0.190629
-0.248593
0.362225
-0.412837
-0.274009
-0.053984
0.0295877
-0.0963999
-0.287967
-0.0436167
-0.349502
0.0957483
0.0258277
0.365349
-0.694091
-0.501169
-0.151368
-0.141736
-0.0694357
0.175861
-0.116648
0.187931
-1.20429
-0.482498
-0.645851
-0.358174
